#include "CFInterpMatrix.H"

// This file is automatically generated by matlab.

template<>
const int CFInterpMatrix<3,2,4,0,0>::s_int[] =
{3, 2, 4, 512, 4368, 10};
template<>
const int CFInterpMatrix<3,2,4,0,0>::s_lattice[][2] =
{
  {0,0},
  {-1,0},
  {-2,0},
  {-3,0},
  {0,-1},
  {-1,-1},
  {-2,-1},
  {0,-2},
  {-1,-2},
  {0,-3}
};
template<>
const int CFInterpMatrix<3,2,4,0,0>::s_matrix[][16] =
{
  {10,100,238,432,100,238,432,690,238,432,690,1020,432,690,1020,1430},
  {325,195,-59,-461,425,239,-87,-577,537,287,-119,-705,661,339,-155,-845},
  {-185,-135,19,301,-205,-147,23,329,-225,-159,27,357,-245,-171,31,385},
  {45,35,-3,-77,45,35,-3,-77,45,35,-3,-77,45,35,-3,-77},
  {325,425,537,661,195,239,287,339,-59,-87,-119,-155,-461,-577,-705,-845},
  {192,80,-56,-216,80,32,-24,-88,-56,-24,16,64,-216,-88,64,240},
  {-30,-18,6,42,-10,-6,2,14,10,6,-2,-14,30,18,-6,-42},
  {-185,-205,-225,-245,-135,-147,-159,-171,19,23,27,31,301,329,357,385},
  {-30,-10,10,30,-18,-6,6,18,6,2,-2,-6,42,14,-14,-42},
  {45,45,45,45,35,35,35,35,-3,-3,-3,-3,-77,-77,-77,-77}
};


template<>
const int CFInterpMatrix<3,2,4,1,0>::s_int[] =
{3, 2, 4, 512, 2576, 10};
template<>
const int CFInterpMatrix<3,2,4,1,0>::s_lattice[][2] =
{
  {0,0},
  {1,0},
  {-1,0},
  {-2,0},
  {0,-1},
  {1,-1},
  {-1,-1},
  {0,-2},
  {1,-2},
  {0,-3}
};
template<>
const int CFInterpMatrix<3,2,4,1,0>::s_matrix[][16] =
{
  {40,166,264,310,214,348,438,460,460,594,668,658,786,912,962,912},
  {15,-7,-13,5,-17,-23,-5,45,-61,-43,7,97,-117,-67,23,161},
  {175,49,-69,-155,203,53,-81,-175,231,57,-93,-195,259,61,-105,-215},
  {-35,-13,13,35,-35,-13,13,35,-35,-13,13,35,-35,-13,13,35},
  {535,519,479,415,297,281,257,225,-113,-113,-105,-89,-719,-687,-631,-551},
  {-90,-38,26,102,-46,-18,14,50,22,10,-6,-26,114,46,-34,-126},
  {42,6,-18,-30,14,2,-6,-10,-14,-2,6,10,-42,-6,18,30},
  {-245,-225,-205,-185,-171,-159,-147,-135,31,27,23,19,385,357,329,301},
  {30,10,-10,-30,18,6,-6,-18,-6,-2,2,6,-42,-14,14,42},
  {45,45,45,45,35,35,35,35,-3,-3,-3,-3,-77,-77,-77,-77}
};


template<>
const int CFInterpMatrix<3,2,4,0,1>::s_int[] =
{3, 2, 4, 512, 2576, 10};
template<>
const int CFInterpMatrix<3,2,4,0,1>::s_lattice[][2] =
{
  {0,0},
  {-1,0},
  {-2,0},
  {-3,0},
  {0,1},
  {-1,1},
  {-2,1},
  {0,-1},
  {-1,-1},
  {0,-2}
};
template<>
const int CFInterpMatrix<3,2,4,0,1>::s_matrix[][16] =
{
  {40,214,460,786,166,348,594,912,264,438,668,962,310,460,658,912},
  {535,297,-113,-719,519,281,-113,-687,479,257,-105,-631,415,225,-89,-551},
  {-245,-171,31,385,-225,-159,27,357,-205,-147,23,329,-185,-135,19,301},
  {45,35,-3,-77,45,35,-3,-77,45,35,-3,-77,45,35,-3,-77},
  {15,-17,-61,-117,-7,-23,-43,-67,-13,-5,7,23,5,45,97,161},
  {-90,-46,22,114,-38,-18,10,46,26,14,-6,-34,102,50,-26,-126},
  {30,18,-6,-42,10,6,-2,-14,-10,-6,2,14,-30,-18,6,42},
  {175,203,231,259,49,53,57,61,-69,-81,-93,-105,-155,-175,-195,-215},
  {42,14,-14,-42,6,2,-2,-6,-18,-6,6,18,-30,-10,10,30},
  {-35,-35,-35,-35,-13,-13,-13,-13,13,13,13,13,35,35,35,35}
};


template<>
const int CFInterpMatrix<3,2,4,1,1>::s_int[] =
{3, 2, 4, 512, 1252, 10};
template<>
const int CFInterpMatrix<3,2,4,1,1>::s_lattice[][2] =
{
  {0,0},
  {1,0},
  {-1,0},
  {-2,0},
  {0,1},
  {1,1},
  {-1,1},
  {0,-1},
  {1,-1},
  {0,-2}
};
template<>
const int CFInterpMatrix<3,2,4,1,1>::s_matrix[][16] =
{
  {142,352,486,520,352,498,584,586,486,584,638,624,520,586,624,610},
  {9,-25,-19,35,-43,-37,1,79,-71,-41,13,99,-75,-37,17,95},
  {259,61,-105,-215,231,57,-93,-195,203,53,-81,-175,175,49,-69,-155},
  {-35,-13,13,35,-35,-13,13,35,-35,-13,13,35,-35,-13,13,35},
  {9,-43,-71,-75,-25,-37,-41,-37,-19,1,13,17,35,79,99,95},
  {-12,4,8,0,4,4,0,-8,8,0,-4,-4,0,-8,-4,12},
  {-42,-6,18,30,-14,-2,6,10,14,2,-6,-10,42,6,-18,-30},
  {259,231,203,175,61,57,53,49,-105,-93,-81,-69,-215,-195,-175,-155},
  {-42,-14,14,42,-6,-2,2,6,18,6,-6,-18,30,10,-10,-30},
  {-35,-35,-35,-35,-13,-13,-13,-13,13,13,13,13,35,35,35,35}
};


