#include "CFInterpMatrix.H"

// This file is automatically generated by matlab.

template<>
const int CFInterpMatrix<5,2,2,0,0>::s_int[] =
{5, 2, 2, 512, 6016, 21};
template<>
const int CFInterpMatrix<5,2,2,0,0>::s_lattice[][2] =
{
  {0,0},
  {-1,0},
  {-2,0},
  {-3,0},
  {-4,0},
  {-5,0},
  {0,-1},
  {-1,-1},
  {-2,-1},
  {-3,-1},
  {-4,-1},
  {0,-2},
  {-1,-2},
  {-2,-2},
  {-3,-2},
  {0,-3},
  {-1,-3},
  {-2,-3},
  {0,-4},
  {-1,-4},
  {0,-5}
};
template<>
const int CFInterpMatrix<5,2,2,0,0>::s_matrix[][4] =
{
  {66,396,396,1190},
  {397,-397,789,-789},
  {-446,446,-678,678},
  {319,-319,405,-405},
  {-126,126,-140,140},
  {21,-21,21,-21},
  {397,789,-397,-789},
  {304,-304,-304,304},
  {-149,149,149,-149},
  {48,-48,-48,48},
  {-7,7,7,-7},
  {-446,-678,446,678},
  {-149,149,149,-149},
  {38,-38,-38,38},
  {-5,5,5,-5},
  {319,405,-319,-405},
  {48,-48,-48,48},
  {-5,5,5,-5},
  {-126,-140,126,140},
  {-7,7,7,-7},
  {21,21,-21,-21}
};


template<>
const int CFInterpMatrix<5,2,2,1,0>::s_int[] =
{5, 2, 2, 512, 3550, 21};
template<>
const int CFInterpMatrix<5,2,2,1,0>::s_lattice[][2] =
{
  {0,0},
  {1,0},
  {-1,0},
  {-2,0},
  {-3,0},
  {-4,0},
  {0,-1},
  {1,-1},
  {-1,-1},
  {-2,-1},
  {-3,-1},
  {0,-2},
  {1,-2},
  {-1,-2},
  {-2,-2},
  {0,-3},
  {1,-3},
  {-1,-3},
  {0,-4},
  {1,-4},
  {0,-5}
};
template<>
const int CFInterpMatrix<5,2,2,1,0>::s_matrix[][4] =
{
  {108,354,606,980},
  {3,-3,-45,45},
  {204,-204,352,-352},
  {-121,121,-163,163},
  {44,-44,50,-50},
  {-7,7,-7,7},
  {573,613,-573,-613},
  {-60,60,60,-60},
  {101,-101,-101,101},
  {-24,24,24,-24},
  {3,-3,-3,3},
  {-595,-529,595,529},
  {62,-62,-62,62},
  {-32,32,32,-32},
  {3,-3,-3,3},
  {390,334,-390,-334},
  {-33,33,33,-33},
  {5,-5,-5,5},
  {-140,-126,140,126},
  {7,-7,-7,7},
  {21,21,-21,-21}
};


template<>
const int CFInterpMatrix<5,2,2,2,0>::s_int[] =
{5, 2, 2, 512, 3444, 21};
template<>
const int CFInterpMatrix<5,2,2,2,0>::s_lattice[][2] =
{
  {0,0},
  {1,0},
  {2,0},
  {-1,0},
  {-2,0},
  {-3,0},
  {0,-1},
  {1,-1},
  {2,-1},
  {-1,-1},
  {-2,-1},
  {0,-2},
  {1,-2},
  {2,-2},
  {-1,-2},
  {0,-3},
  {1,-3},
  {2,-3},
  {0,-4},
  {1,-4},
  {0,-5}
};
template<>
const int CFInterpMatrix<5,2,2,2,0>::s_matrix[][4] =
{
  {150,312,774,812},
  {3,-3,-129,129},
  {-4,4,18,-18},
  {111,-111,165,-165},
  {-34,34,-40,40},
  {5,-5,5,-5},
  {684,502,-684,-502},
  {-144,144,144,-144},
  {24,-24,-24,24},
  {32,-32,-32,32},
  {-3,3,3,-3},
  {-658,-466,658,466},
  {119,-119,-119,119},
  {-18,18,18,-18},
  {-5,5,5,-5},
  {405,319,-405,-319},
  {-48,48,48,-48},
  {5,-5,-5,5},
  {-140,-126,140,126},
  {7,-7,-7,7},
  {21,21,-21,-21}
};


template<>
const int CFInterpMatrix<5,2,2,0,1>::s_int[] =
{5, 2, 2, 512, 3550, 21};
template<>
const int CFInterpMatrix<5,2,2,0,1>::s_lattice[][2] =
{
  {0,0},
  {-1,0},
  {-2,0},
  {-3,0},
  {-4,0},
  {-5,0},
  {0,1},
  {-1,1},
  {-2,1},
  {-3,1},
  {-4,1},
  {0,-1},
  {-1,-1},
  {-2,-1},
  {-3,-1},
  {0,-2},
  {-1,-2},
  {-2,-2},
  {0,-3},
  {-1,-3},
  {0,-4}
};
template<>
const int CFInterpMatrix<5,2,2,0,1>::s_matrix[][4] =
{
  {108,606,354,980},
  {573,-573,613,-613},
  {-595,595,-529,529},
  {390,-390,334,-334},
  {-140,140,-126,126},
  {21,-21,21,-21},
  {3,-45,-3,45},
  {-60,60,60,-60},
  {62,-62,-62,62},
  {-33,33,33,-33},
  {7,-7,-7,7},
  {204,352,-204,-352},
  {101,-101,-101,101},
  {-32,32,32,-32},
  {5,-5,-5,5},
  {-121,-163,121,163},
  {-24,24,24,-24},
  {3,-3,-3,3},
  {44,50,-44,-50},
  {3,-3,-3,3},
  {-7,-7,7,7}
};


template<>
const int CFInterpMatrix<5,2,2,1,1>::s_int[] =
{5, 2, 2, 512, 1924, 21};
template<>
const int CFInterpMatrix<5,2,2,1,1>::s_lattice[][2] =
{
  {0,0},
  {1,0},
  {-1,0},
  {-2,0},
  {-3,0},
  {-4,0},
  {0,1},
  {1,1},
  {-1,1},
  {-2,1},
  {-3,1},
  {0,-1},
  {1,-1},
  {-1,-1},
  {-2,-1},
  {0,-2},
  {1,-2},
  {-1,-2},
  {0,-3},
  {1,-3},
  {0,-4}
};
template<>
const int CFInterpMatrix<5,2,2,1,1>::s_matrix[][4] =
{
  {178,536,536,798},
  {3,-3,-45,45},
  {287,-287,269,-269},
  {-154,154,-130,130},
  {50,-50,44,-44},
  {-7,7,-7,7},
  {3,-45,-3,45},
  {-4,4,4,-4},
  {-32,32,32,-32},
  {15,-15,-15,15},
  {-3,3,3,-3},
  {287,269,-287,-269},
  {-32,32,32,-32},
  {26,-26,-26,26},
  {-3,3,3,-3},
  {-154,-130,154,130},
  {15,-15,-15,15},
  {-3,3,3,-3},
  {50,44,-50,-44},
  {-3,3,3,-3},
  {-7,-7,7,7}
};


template<>
const int CFInterpMatrix<5,2,2,2,1>::s_int[] =
{5, 2, 2, 512, 1684, 21};
template<>
const int CFInterpMatrix<5,2,2,2,1>::s_lattice[][2] =
{
  {0,0},
  {1,0},
  {2,0},
  {-1,0},
  {-2,0},
  {-3,0},
  {0,1},
  {1,1},
  {2,1},
  {-1,1},
  {-2,1},
  {0,-1},
  {1,-1},
  {2,-1},
  {-1,-1},
  {0,-2},
  {1,-2},
  {2,-2},
  {0,-3},
  {1,-3},
  {0,-4}
};
template<>
const int CFInterpMatrix<5,2,2,2,1>::s_matrix[][4] =
{
  {250,464,674,660},
  {-3,3,-123,123},
  {-5,5,19,-19},
  {150,-150,126,-126},
  {-40,40,-34,34},
  {5,-5,5,-5},
  {0,-42,0,42},
  {-10,10,10,-10},
  {3,-3,-3,3},
  {-17,17,17,-17},
  {3,-3,-3,3},
  {332,224,-332,-224},
  {-71,71,71,-71},
  {12,-12,-12,12},
  {5,-5,-5,5},
  {-163,-121,163,121},
  {24,-24,-24,24},
  {-3,3,3,-3},
  {50,44,-50,-44},
  {-3,3,3,-3},
  {-7,-7,7,7}
};


template<>
const int CFInterpMatrix<5,2,2,0,2>::s_int[] =
{5, 2, 2, 512, 3444, 21};
template<>
const int CFInterpMatrix<5,2,2,0,2>::s_lattice[][2] =
{
  {0,0},
  {-1,0},
  {-2,0},
  {-3,0},
  {-4,0},
  {-5,0},
  {0,1},
  {-1,1},
  {-2,1},
  {-3,1},
  {-4,1},
  {0,2},
  {-1,2},
  {-2,2},
  {-3,2},
  {0,-1},
  {-1,-1},
  {-2,-1},
  {0,-2},
  {-1,-2},
  {0,-3}
};
template<>
const int CFInterpMatrix<5,2,2,0,2>::s_matrix[][4] =
{
  {150,774,312,812},
  {684,-684,502,-502},
  {-658,658,-466,466},
  {405,-405,319,-319},
  {-140,140,-126,126},
  {21,-21,21,-21},
  {3,-129,-3,129},
  {-144,144,144,-144},
  {119,-119,-119,119},
  {-48,48,48,-48},
  {7,-7,-7,7},
  {-4,18,4,-18},
  {24,-24,-24,24},
  {-18,18,18,-18},
  {5,-5,-5,5},
  {111,165,-111,-165},
  {32,-32,-32,32},
  {-5,5,5,-5},
  {-34,-40,34,40},
  {-3,3,3,-3},
  {5,5,-5,-5}
};


template<>
const int CFInterpMatrix<5,2,2,1,2>::s_int[] =
{5, 2, 2, 512, 1684, 21};
template<>
const int CFInterpMatrix<5,2,2,1,2>::s_lattice[][2] =
{
  {0,0},
  {1,0},
  {-1,0},
  {-2,0},
  {-3,0},
  {-4,0},
  {0,1},
  {1,1},
  {-1,1},
  {-2,1},
  {-3,1},
  {0,2},
  {1,2},
  {-1,2},
  {-2,2},
  {0,-1},
  {1,-1},
  {-1,-1},
  {0,-2},
  {1,-2},
  {0,-3}
};
template<>
const int CFInterpMatrix<5,2,2,1,2>::s_matrix[][4] =
{
  {250,674,464,660},
  {0,0,-42,42},
  {332,-332,224,-224},
  {-163,163,-121,121},
  {50,-50,44,-44},
  {-7,7,-7,7},
  {-3,-123,3,123},
  {-10,10,10,-10},
  {-71,71,71,-71},
  {24,-24,-24,24},
  {-3,3,3,-3},
  {-5,19,5,-19},
  {3,-3,-3,3},
  {12,-12,-12,12},
  {-3,3,3,-3},
  {150,126,-150,-126},
  {-17,17,17,-17},
  {5,-5,-5,5},
  {-40,-34,40,34},
  {3,-3,-3,3},
  {5,5,-5,-5}
};


template<>
const int CFInterpMatrix<5,2,2,2,2>::s_int[] =
{5, 2, 2, 512, 1204, 21};
template<>
const int CFInterpMatrix<5,2,2,2,2>::s_lattice[][2] =
{
  {0,0},
  {1,0},
  {2,0},
  {-1,0},
  {-2,0},
  {-3,0},
  {0,1},
  {1,1},
  {2,1},
  {-1,1},
  {-2,1},
  {0,2},
  {1,2},
  {2,2},
  {-1,2},
  {0,-1},
  {1,-1},
  {2,-1},
  {0,-2},
  {1,-2},
  {0,-3}
};
template<>
const int CFInterpMatrix<5,2,2,2,2>::s_matrix[][4] =
{
  {358,566,566,558},
  {-24,24,-102,102},
  {-2,2,16,-16},
  {165,-165,111,-111},
  {-40,40,-34,34},
  {5,-5,5,-5},
  {-24,-102,24,102},
  {-16,16,16,-16},
  {6,-6,-6,6},
  {-32,32,32,-32},
  {3,-3,-3,3},
  {-2,16,2,-16},
  {6,-6,-6,6},
  {-2,2,2,-2},
  {5,-5,-5,5},
  {165,111,-165,-111},
  {-32,32,32,-32},
  {5,-5,-5,5},
  {-40,-34,40,34},
  {3,-3,-3,3},
  {5,5,-5,-5}
};


